WALL 334 84 51 10
WALL 468 193 20 23
WALL 428 84 52 11
WALL 332 70 54 24
WALL 426 73 55 23
WALL 292 187 26 57
WALL 297 244 19 16
WALL 491 192 25 69
WALL 320 190 20 24
WALL 468 232 19 24
WALL 287 371 17 18
WALL 504 367 18 19
WALL 289 146 18 18
WALL 506 145 18 16
WALL 318 231 23 25
PROP 166 2 26 46 332 4 91
PROP 253 5 10 76 506 10 152
PROP 213 2 27 44 426 4 88
PROP 252 118 8 75 505 236 150
PROP 143 119 8 76 287 239 151
PROP 146 89 13 32 292 177 63
PROP 142 178 12 18 285 355 37
PROP 141 81 34 52 282 163 105
PROP 228 81 40 52 456 162 103
PROP 144 5 12 78 288 11 157
PROP 251 2 15 75 503 3 150
