WALL 116 102 26 9
WALL -1 -1 49 289
WALL 50 -0 750 71
WALL 162 70 38 71
WALL 305 71 37 67
WALL 304 168 37 71
WALL 411 171 38 66
WALL 512 171 37 67
WALL 411 71 38 67
WALL 511 70 37 65
WALL 305 265 37 25
WALL 410 266 37 25
WALL 511 267 38 25
WALL 600 71 27 226
WALL 111 92 7 17
WALL 115 120 3 3
WALL 122 128 4 4
WALL 134 128 3 4
WALL 142 120 4 4
WALL 348 78 33 57
WALL 352 168 26 72
WALL 411 167 38 9
WALL 448 71 35 69
WALL 546 68 36 72
WALL 454 165 28 71
WALL 555 165 26 18
WALL 559 182 24 29
WALL 549 208 24 29
WALL 554 268 27 21
WALL 452 265 27 23
WALL 346 268 26 20
WALL 600 295 27 22
WALL -5 306 632 84
WALL 305 290 307 20
PROP 54 39 7 12 108 77 25
PROP 150 74 41 16 300 149 32
PROP 204 71 38 24 409 142 47
PROP 253 72 42 20 505 143 40
PROP 152 125 38 12 303 249 25
PROP 202 122 42 13 403 244 26
PROP 252 124 44 12 504 248 25
PROP -2 139 320 22 -4 278 43
PROP 68 148 8 11 136 296 22
