WALL 4 370 30 20
WALL 578 247 37 18
WALL 0 390 200 58
WALL 176 0 25 313
WALL 50 132 127 152
WALL 663 381 8 32
WALL 244 420 44 28
WALL 340 420 44 28
WALL 436 420 44 28
WALL 534 420 46 28
WALL 40 362 97 27
WALL 718 379 38 33
WALL 584 272 20 28
WALL 584 300 20 68
WALL 4 4 66 29
WALL 601 288 18 76
WALL 618 338 3 24
WALL 634 244 38 40
WALL 718 245 38 38
WALL 634 187 38 32
WALL 718 187 38 33
WALL 634 65 38 39
WALL 718 64 39 40
WALL 677 78 124 92
WALL 302 175 266 51
WALL 232 175 62 37
WALL 266 216 19 96
WALL 244 224 21 84
WALL 114 62 26 57
WALL 156 71 8 43
WALL 140 90 25 24
WALL 619 288 6 44
WALL 633 381 37 32
WALL 2 132 48 45
PROP 118 191 30 34 237 381 67
PROP 167 188 30 36 333 375 73
PROP 215 189 28 36 430 378 71
PROP 264 188 27 36 528 377 72
PROP 317 158 18 33 635 316 66
PROP 359 158 20 36 718 316 71
PROP 317 158 20 40 633 316 79
PROP 286 110 26 17 572 221 34
PROP 317 68 20 62 634 136 124
PROP 359 67 19 62 718 135 125
PROP 116 45 31 52 232 90 105
PROP 151 47 135 56 302 93 113
PROP 317 1 18 31 634 2 62
PROP 317 0 20 38 634 0 75
PROP 359 0 20 37 717 0 74
PROP 20 175 49 10 40 351 20
