WALL 0 324 162 53
WALL 16 313 146 11
WALL 15 116 29 175
WALL 13 14 148 77
WALL 160 14 660 40
WALL 290 54 6 143
WALL 296 184 78 12
WALL 638 54 148 38
WALL 504 43 5 140
WALL 358 86 22 97
WALL 374 184 5 6
WALL 422 86 22 103
WALL 296 54 5 134
WALL 303 85 12 98
WALL 500 54 7 132
WALL 486 86 16 98
WALL 756 116 30 176
WALL 638 324 162 124
WALL 146 374 27 74
WALL 172 417 474 32
WALL 625 376 14 41
WALL 162 320 208 53
WALL 430 319 209 53
WALL 515 372 36 18
WALL 173 372 23 45
WALL 230 412 20 5
WALL 268 410 20 8
WALL 298 402 20 16
WALL 330 412 21 6
WALL 396 410 20 8
WALL 450 402 20 16
WALL 504 412 20 6
WALL 540 405 20 12
WALL 574 410 20 8
WALL 602 378 23 24
WALL 600 409 21 9
WALL 281 214 18 23
WALL -21 321 183 171
WALL 70 211 93 36
WALL 186 120 91 36
WALL 72 119 90 36
WALL 526 121 88 34
WALL 643 122 87 34
WALL 524 214 91 32
WALL 502 214 21 24
WALL 640 214 89 32
WALL 431 186 78 10
WALL 46 121 22 25
WALL 162 125 23 24
WALL 51 166 23 24
WALL 99 155 25 13
WALL 218 156 24 6
WALL 96 184 24 19
WALL 46 211 24 22
WALL 46 240 21 22
WALL 44 265 20 25
WALL 94 246 24 10
WALL 216 246 24 10
WALL 195 189 25 15
WALL 238 192 25 11
WALL 207 51 18 17
WALL 255 52 19 13
WALL 196 104 25 10
WALL 236 108 24 6
WALL 122 101 24 14
WALL 80 104 25 10
WALL 524 209 92 10
WALL 639 210 90 9
WALL 540 192 24 13
WALL 582 190 25 14
WALL 682 184 24 17
WALL 560 155 25 7
WALL 542 108 23 6
WALL 528 53 16 13
WALL 560 53 16 11
WALL 582 104 24 10
WALL 618 127 19 22
WALL 186 212 92 34
WALL 698 104 24 10
WALL 677 156 25 12
WALL 746 125 12 52
WALL 732 180 22 27
WALL 561 245 25 11
WALL 684 245 25 11
WALL 742 255 17 25
WALL 732 221 22 27
WALL 639 314 149 12
PROP 77 137 251 29 154 274 58
PROP 88 56 5 9 177 111 18
PROP 145 100 8 8 289 199 16
PROP 249 100 6 10 499 199 19
PROP 307 55 6 10 615 111 19
