WALL -0 423 801 28
WALL -1 -1 27 423
WALL 25 1 96 213
WALL 103 7 681 189
WALL 286 194 227 24
WALL 694 191 76 25
WALL 780 9 20 418
WALL 496 372 14 8
WALL 510 370 23 7
WALL 532 368 26 5
WALL 558 361 22 7
WALL 580 356 26 6
WALL 602 350 4 6
WALL 606 346 24 4
WALL 629 337 25 5
WALL 626 341 4 5
WALL 654 330 26 6
WALL 677 326 3 4
WALL 680 323 27 4
WALL 707 317 26 6
WALL 732 308 27 8
WALL 759 302 22 7
WALL 757 306 26 15
WALL 758 321 22 6
WALL 563 358 18 4
WALL 593 348 8 8
WALL 589 350 4 5
WALL 618 340 10 7
WALL 644 331 7 4
WALL 741 304 17 5
WALL 768 194 20 82
WALL 771 273 17 33
WALL 509 376 25 5
WALL 531 371 28 7
WALL 556 366 24 6
WALL 577 360 28 5
WALL 604 350 26 6
WALL 629 341 25 5
WALL 652 334 29 6
WALL 679 326 27 7
WALL 706 322 27 6
WALL 731 315 28 12
WALL 703 327 31 5
WALL 702 329 83 5
WALL 675 331 40 7
WALL 675 335 40 7
WALL 636 342 47 12
WALL 606 354 42 7
WALL 705 333 32 6
WALL 496 372 64 11
WALL 555 364 59 13
WALL 602 356 56 11
WALL 646 345 60 11
WALL 679 337 64 10
WALL 737 331 48 10
WALL 559 375 39 5
WALL 495 380 64 14
PROP 244 127 151 71 489 254 142
