WALL 712 415 24 32
WALL 239 110 29 19
WALL 0 0 15 297
WALL 14 -11 775 124
WALL 161 111 40 93
WALL 592 415 21 33
WALL 117 415 23 32
WALL 345 142 166 32
WALL 550 159 239 36
WALL 22 144 33 69
WALL 278 109 26 21
WALL 381 110 39 19
WALL 753 111 32 19
WALL -1 402 32 46
WALL 64 415 51 33
WALL 256 413 90 38
WALL 536 413 53 35
WALL 738 416 68 35
WALL 39 415 23 31
WALL 284 351 27 33
WALL 229 412 24 32
WALL 349 414 23 32
WALL 510 414 21 32
WALL -0 295 15 57
WALL 93 317 219 36
WALL 7 317 28 36
WALL 346 347 90 37
WALL 490 349 310 35
WALL 788 -11 11 395
WALL 311 111 37 273
PROP 282 178 7 2 564 355 5
PROP -7 -6 413 233 -14 -12 466
